7346
27813
50286
94313
129148
280235
327488
341954
352727
399718
585547
605641
920269
1182166
1246619
1553581
1728853
1742172
1847524
1966472
2796466
3059397
3159881
3268082
3612514
4303706
4526429
4561823
4576666
5024958
5113257
5727578
7091399
7798336
7939352
9308656
11155300
17003032
19410501
20658981
22116767
23462908
26892280
31200881
32838899
33558632
36740602
38054771
40566146
41011289
44097331
44864658
46252070
48153666
49511278
49904992
50352631
53856373
55629891
61125355
62766066
66196443
67292496
68489118
75175586
77858854
78819443
79340822
83901271
88944439
90054389
123173954
126502193
135046711
144771550
152063003
175485311